46 8

0 0 0
1 3 3
2 3 2
3 3 1
4 0 2
5 1 0
6 0 3
7 3 0
8 -4 1
9 -2.5 0
10 -6 -4
11 -4.33 -3
12 -2.667 -2
13 -1 -1
14 9 0
15 6 -2
16 6 2
17 2 2
18 4 2
19 3 4
20 3 5
21 4 5
22 6 3.5
23 0 -3.27
24 0 -6.73
25 1 -5
26 -7 -1
27 -4 -5
28 -7 -9
29 -10 -5
30 -8.5 -3
31 -8 -7.667
32 -9 -6.33
33 -5.5 -7
34 -6 -2.33
35 -5 -3.667
36 8 5
37 8 0
38 11 -4
39 5 -4
40 8 -5
41 -7 1
42 -6 2.5
43 -5 4
44 -3 4
45 -4 5

0 8
s 1 6
s 6 4
s 4 0
s 0 5
s 5 7
s 7 3
s 3 2
s 2 1

1 6
s 10 11
s 11 12
s 12 13
s 13 9
s 9 8
s 8 10

2 3
s 14 16
s 16 15
s 15 14

3 4
c 18 17 1
s 17 19
c 19 21 20
c 21 18 22

4 2
c 24 23 25
c 23 24 25

5 10
s 27 35
s 35 34
s 34 26
s 26 30
s 30 29
s 29 32
s 32 31
s 31 28
s 28 33
s 33 27

6 5
c 36 7 37
c 7 39 37
c 39 40 37
c 40 38 37
c 38 36 37

7 3
s 41 44
c 44 43 45
c 43 41 42
