119 0 1 18 51 35
119 0 2 16 1 21
119 0 3 10 37 38
119 0 4 1 34 20
119 0 5 14 36 30
119 1 6 4 59 25
119 1 7 0 54 6
119 1 8 13 43 34
119 1 9 3 1 6
119 1 10 1 33 39
119 2 11 4 11 34
119 2 12 22 34 16
119 2 13 19 56 40
119 2 14 22 2 40
119 2 15 23 17 6
119 3 16 2 7 52
119 3 17 10 6 26
119 3 18 4 34 56
119 3 19 17 14 19
119 3 20 21 47 20
119 4 21 22 18 37
119 4 22 7 52 28
119 4 23 11 51 16
119 4 24 15 3 49
119 4 25 0 12 51
119 5 26 23 52 22
119 5 27 4 5 33
119 5 28 1 36 54
119 5 29 7 36 11
119 5 1 19 1 43
119 6 2 10 43 34
119 6 3 11 49 30
119 6 4 0 39 29
119 6 5 7 2 12
119 6 6 23 36 9
119 7 7 8 15 28
119 7 8 23 13 24
119 7 9 1 9 14
119 7 10 20 6 26
119 7 11 15 7 21
119 8 12 7 6 14
119 8 13 2 19 22
119 8 14 8 14 54
119 8 15 15 13 32
119 8 16 11 19 27
119 9 17 6 5 10
119 9 18 23 54 55
119 9 19 11 17 41
119 9 20 13 45 23
119 9 21 5 2 1
119 10 22 7 46 11
119 10 23 11 9 44
119 10 24 23 38 47
119 10 25 20 24 39
119 10 26 19 53 36
119 11 27 10 41 51
119 11 28 0 12 43
119 11 29 6 0 17
119 11 1 2 43 50
119 11 2 21 57 32
31
58
66
29
45
74
13
59
70
64
8
65
68
7
44
55
63
9
2
13
38
5
48
81
83
66
11
28
11
37
20
54
54
34
41
25
4
98
92
85
83
55
71
7
35
97
46
3
68
47
70
95
14
25
94
27
35
28
20
20
47
-31
25
0
42
14
-20
28
33
-27
33
-49
-10
33
-49
28
-13
0
24
-4
44
-10
33
25
-14
-22
-7
43
30
-26
-16
-15
25
-40
2
12
-28
-46
-42
40
26
9
45
-21
25
-1
-25
0
27
-42
44
17
-35
-12
-47
-4
-19
30
5
-28
